"year" "northern" "month_n" "southern"
"1" 1880 -1.02 1 -0.57
"2" 1881 -0.67 1 -1.06
"3" 1882 0.14 1 -0.03
"4" 1883 -1.21 1 -0.76
"5" 1884 -0.86 1 -0.48
"6" 1885 -1.79 1 -0.83
"7" 1886 -1.51 1 -0.46
"8" 1887 -1.72 1 -0.4
"9" 1888 -1.32 1 -0.35
"10" 1889 -0.99 1 -0.21
"11" 1890 -1 1 -0.62
"12" 1891 -1.02 1 -1.16
"13" 1892 -0.91 1 -0.59
"14" 1893 -2.46 1 -1.02
"15" 1894 -1.23 1 -0.82
"16" 1895 -1.31 1 -0.45
"17" 1896 -0.73 1 -0.07
"18" 1897 -0.56 1 -0.24
"19" 1898 0 1 -0.3
"20" 1899 -0.17 1 -0.74
"21" 1900 -0.91 1 -0.47
"22" 1901 -0.65 1 -0.07
"23" 1902 -0.27 1 -0.48
"24" 1903 -0.31 1 -0.43
"25" 1904 -1.13 1 -0.71
"26" 1905 -0.41 1 -0.5
"27" 1906 -0.7 1 0.18
"28" 1907 -0.67 1 -0.52
"29" 1908 -0.54 1 -0.39
"30" 1909 -1.07 1 -0.72
"31" 1910 -0.48 1 -0.52
"32" 1911 -0.89 1 -0.58
"33" 1912 -0.5 1 0.03
"34" 1913 -0.62 1 -0.42
"35" 1914 0.32 1 -0.09
"36" 1915 -0.24 1 -0.25
"37" 1916 0.09 1 -0.33
"38" 1917 -0.69 1 -0.52
"39" 1918 -0.88 1 -0.59
"40" 1919 -0.54 1 -0.27
"41" 1920 -0.03 1 -0.24
"42" 1921 0.4 1 -0.48
"43" 1922 -0.62 1 -0.28
"44" 1923 -0.24 1 -0.38
"45" 1924 -0.31 1 -0.3
"46" 1925 -0.23 1 -0.74
"47" 1926 0.66 1 -0.17
"48" 1927 -0.19 1 -0.31
"49" 1928 0.37 1 -0.32
"50" 1929 -0.44 1 -0.22
"51" 1930 -0.13 1 -0.37
"52" 1931 0.02 1 -0.28
"53" 1932 0.62 1 0
"54" 1933 -0.51 1 -0.25
"55" 1934 -0.21 1 -0.2
"56" 1935 -0.48 1 -0.22
"57" 1936 -0.33 1 -0.26
"58" 1937 0.11 1 -0.35
"59" 1938 0.32 1 -0.29
"60" 1939 0.12 1 -0.21
"61" 1940 -0.36 1 -0.12
"62" 1941 0.1 1 -0.08
"63" 1942 0.21 1 0.19
"64" 1943 -0.35 1 -0.1
"65" 1944 0.7 1 -0.02
"66" 1945 -0.12 1 0.04
"67" 1946 0.3 1 -0.3
"68" 1947 -0.21 1 -0.02
"69" 1948 0.55 1 -0.13
"70" 1949 0.28 1 -0.14
"71" 1950 -0.37 1 -0.28
"72" 1951 -0.4 1 -0.4
"73" 1952 0.17 1 0.02
"74" 1953 0.34 1 -0.14
"75" 1954 -0.44 1 -0.2
"76" 1955 0.51 1 -0.08
"77" 1956 -0.18 1 -0.31
"78" 1957 -0.24 1 -0.06
"79" 1958 0.72 1 0.14
"80" 1959 0.25 1 -0.14
"81" 1960 0.28 1 -0.11
"82" 1961 0.22 1 -0.03
"83" 1962 0.31 1 -0.12
"84" 1963 0.12 1 -0.15
"85" 1964 -0.04 1 -0.1
"86" 1965 0.01 1 -0.12
"87" 1966 -0.26 1 -0.2
"88" 1967 -0.2 1 0.04
"89" 1968 -0.3 1 -0.13
"90" 1969 -0.53 1 0.17
"91" 1970 -0.1 1 0.17
"92" 1971 -0.17 1 0.13
"93" 1972 -0.62 1 0.03
"94" 1973 0.15 1 0.39
"95" 1974 -0.21 1 0.08
"96" 1975 0.11 1 0.04
"97" 1976 0.18 1 -0.19
"98" 1977 -0.16 1 0.43
"99" 1978 0.18 1 0.1
"100" 1979 0.06 1 0.26
"101" 1980 0.23 1 0.48
"102" 1981 1.02 1 0.27
"103" 1982 -0.16 1 0.38
"104" 1983 0.62 1 0.42
"105" 1984 0.3 1 0.21
"106" 1985 0.15 1 0.47
"107" 1986 0.49 1 0.3
"108" 1987 0.36 1 0.51
"109" 1988 0.7 1 0.64
"110" 1989 0.2 1 0.31
"111" 1990 0.61 1 0.44
"112" 1991 0.61 1 0.39
"113" 1992 0.67 1 0.36
"114" 1993 0.44 1 0.35
"115" 1994 0.43 1 0.36
"116" 1995 0.94 1 0.23
"117" 1996 0.5 1 0.33
"118" 1997 0.56 1 0.37
"119" 1998 0.84 1 0.61
"120" 1999 0.83 1 0.52
"121" 2000 0.49 1 0.12
"122" 2001 0.8 1 0.36
"123" 2002 1.38 1 0.57
"124" 2003 1.19 1 0.68
"125" 2004 0.79 1 0.65
"126" 2005 1.12 1 0.82
"127" 2006 0.85 1 0.64
"128" 2007 1.7 1 0.77
"129" 2008 0.36 1 0.53
"130" 2009 0.91 1 0.57
"131" 2010 1.05 1 0.82
"132" 2011 0.75 1 0.68
"133" 2012 0.75 1 0.46
"134" 2013 1.11 1 0.81
"135" 2014 1.26 1 0.66
"136" 2015 1.36 1 0.54
"137" 2016 1.92 1 0.87
"138" 1880 -0.82 2 -0.12
"139" 1881 -0.8 2 -0.55
"140" 1882 0.09 2 -0.51
"141" 1883 -1.32 2 -0.94
"142" 1884 -0.77 2 -0.42
"143" 1885 -0.65 2 -1.12
"144" 1886 -1.3 2 -0.82
"145" 1887 -1.18 2 -1.51
"146" 1888 -1.35 2 -0.64
"147" 1889 -0.04 2 0.02
"148" 1890 -0.73 2 -0.84
"149" 1891 -1.23 2 -1.08
"150" 1892 -0.41 2 -0.45
"151" 1893 -1.46 2 -0.88
"152" 1894 -0.72 2 -0.7
"153" 1895 -1.39 2 -0.58
"154" 1896 -0.48 2 -0.33
"155" 1897 -0.55 2 -0.63
"156" 1898 -0.64 2 -0.54
"157" 1899 -0.89 2 -0.58
"158" 1900 -0.16 2 -0.11
"159" 1901 -0.05 2 -0.29
"160" 1902 0.16 2 -0.27
"161" 1903 0.32 2 -0.53
"162" 1904 -0.7 2 -0.95
"163" 1905 -1.23 2 -0.85
"164" 1906 -0.87 2 -0.01
"165" 1907 -1.18 2 -0.4
"166" 1908 -0.23 2 -0.5
"167" 1909 -0.5 2 -0.78
"168" 1910 -0.42 2 -0.46
"169" 1911 -0.74 2 -0.66
"170" 1912 -0.04 2 -0.23
"171" 1913 -0.67 2 -0.44
"172" 1914 -0.07 2 -0.07
"173" 1915 -0.04 2 0.08
"174" 1916 -0.15 2 -0.21
"175" 1917 -0.79 2 -0.79
"176" 1918 -0.56 2 -0.85
"177" 1919 -0.53 2 -0.15
"178" 1920 -0.21 2 -0.4
"179" 1921 -0.13 2 -0.31
"180" 1922 -0.81 2 -0.28
"181" 1923 -0.49 2 -0.1
"182" 1924 -0.33 2 -0.53
"183" 1925 -0.3 2 -0.55
"184" 1926 0.41 2 0.08
"185" 1927 -0.07 2 -0.41
"186" 1928 0.2 2 -0.22
"187" 1929 -0.95 2 -0.28
"188" 1930 -0.23 2 -0.34
"189" 1931 -0.45 2 -0.12
"190" 1932 -0.29 2 -0.3
"191" 1933 -0.47 2 -0.18
"192" 1934 0.41 2 -0.62
"193" 1935 0.67 2 -0.18
"194" 1936 -0.69 2 -0.26
"195" 1937 0.38 2 -0.27
"196" 1938 0.32 2 -0.32
"197" 1939 0.04 2 -0.41
"198" 1940 0.24 2 -0.14
"199" 1941 0.48 2 -0.05
"200" 1942 -0.26 2 0.11
"201" 1943 0.28 2 -0.21
"202" 1944 0.38 2 -0.13
"203" 1945 -0.32 2 -0.06
"204" 1946 0.23 2 -0.36
"205" 1947 -0.08 2 0.08
"206" 1948 -0.06 2 -0.27
"207" 1949 -0.24 2 -0.41
"208" 1950 -0.36 2 -0.28
"209" 1951 -0.54 2 -0.42
"210" 1952 0.16 2 0.06
"211" 1953 0.37 2 -0.23
"212" 1954 -0.05 2 -0.13
"213" 1955 -0.1 2 -0.14
"214" 1956 -0.5 2 -0.19
"215" 1957 -0.1 2 0
"216" 1958 0.34 2 0.18
"217" 1959 0.18 2 0.02
"218" 1960 0.61 2 -0.05
"219" 1961 0.38 2 0.08
"220" 1962 0.43 2 -0.08
"221" 1963 0.54 2 -0.05
"222" 1964 -0.14 2 -0.18
"223" 1965 -0.44 2 0.05
"224" 1966 0.12 2 -0.18
"225" 1967 -0.49 2 -0.06
"226" 1968 -0.3 2 -0.04
"227" 1969 -0.6 2 0.03
"228" 1970 0.43 2 0.12
"229" 1971 -0.27 2 -0.02
"230" 1972 -0.64 2 0.02
"231" 1973 0.53 2 0.15
"232" 1974 -0.34 2 -0.13
"233" 1975 0.07 2 0.13
"234" 1976 -0.02 2 -0.14
"235" 1977 0.19 2 0.28
"236" 1978 0.08 2 0.31
"237" 1979 -0.38 2 0.16
"238" 1980 0.47 2 0.45
"239" 1981 0.87 2 0.29
"240" 1982 0.23 2 0.28
"241" 1983 0.42 2 0.42
"242" 1984 0.09 2 0.25
"243" 1985 -0.21 2 0.25
"244" 1986 0.42 2 0.61
"245" 1987 0.71 2 0.37
"246" 1988 0.56 2 0.42
"247" 1989 0.62 2 0.33
"248" 1990 0.51 2 0.35
"249" 1991 0.59 2 0.64
"250" 1992 0.61 2 0.27
"251" 1993 0.63 2 0.22
"252" 1994 0.04 2 0.12
"253" 1995 1.45 2 0.41
"254" 1996 0.77 2 0.43
"255" 1997 0.83 2 0.27
"256" 1998 1.41 2 1.02
"257" 1999 1.21 2 0.51
"258" 2000 1.28 2 0.31
"259" 2001 0.71 2 0.51
"260" 2002 1.36 2 0.45
"261" 2003 0.72 2 0.72
"262" 2004 1.21 2 0.66
"263" 2005 0.88 2 0.84
"264" 2006 1.18 2 0.63
"265" 2007 1.28 2 0.59
"266" 2008 0.66 2 0.25
"267" 2009 0.94 2 0.52
"268" 2010 1.2 2 0.84
"269" 2011 0.82 2 0.52
"270" 2012 0.71 2 0.4
"271" 2013 0.91 2 0.53
"272" 2014 0.94 2 0.34
"273" 2015 1.32 2 0.79
"274" 2016 2.47 2 0.88
"275" 1880 -0.81 3 -0.4
"276" 1881 -0.4 3 -0.47
"277" 1882 -0.21 3 -0.3
"278" 1883 -0.66 3 -0.7
"279" 1884 -1.31 3 -0.27
"280" 1885 -0.62 3 -1.28
"281" 1886 -1.03 3 -0.66
"282" 1887 -0.71 3 -0.65
"283" 1888 -1.23 3 -0.91
"284" 1889 -0.13 3 -0.18
"285" 1890 -0.77 3 -0.71
"286" 1891 -0.39 3 -0.75
"287" 1892 -1.02 3 -0.51
"288" 1893 -0.39 3 -0.82
"289" 1894 -0.06 3 -0.7
"290" 1895 -0.6 3 -0.65
"291" 1896 -0.96 3 -0.42
"292" 1897 -0.71 3 -0.22
"293" 1898 -1.02 3 -0.82
"294" 1899 -0.59 3 -0.48
"295" 1900 0.17 3 -0.6
"296" 1901 0.38 3 -0.58
"297" 1902 -0.42 3 -0.14
"298" 1903 0.04 3 -0.4
"299" 1904 -0.32 3 -0.84
"300" 1905 -0.14 3 -0.39
"301" 1906 -0.28 3 -0.43
"302" 1907 -0.47 3 -0.56
"303" 1908 -0.71 3 -0.5
"304" 1909 -0.67 3 -0.51
"305" 1910 -0.29 3 -0.69
"306" 1911 -0.69 3 -0.64
"307" 1912 -0.66 3 -0.34
"308" 1913 -0.49 3 -0.69
"309" 1914 -0.22 3 0.01
"310" 1915 -0.18 3 0
"311" 1916 -0.58 3 -0.43
"312" 1917 -0.85 3 -0.85
"313" 1918 -0.27 3 -0.84
"314" 1919 -0.47 3 -0.02
"315" 1920 0.15 3 -0.49
"316" 1921 0.07 3 -0.37
"317" 1922 -0.21 3 -0.47
"318" 1923 -0.33 3 -0.26
"319" 1924 0.03 3 -0.32
"320" 1925 -0.17 3 -0.53
"321" 1926 0.53 3 -0.17
"322" 1927 -0.5 3 -0.39
"323" 1928 -0.23 3 -0.07
"324" 1929 -0.14 3 -0.63
"325" 1930 0.25 3 -0.43
"326" 1931 0 3 -0.14
"327" 1932 -0.2 3 -0.27
"328" 1933 -0.39 3 -0.17
"329" 1934 -0.37 3 -0.46
"330" 1935 0.15 3 -0.15
"331" 1936 -0.19 3 -0.2
"332" 1937 -0.21 3 -0.25
"333" 1938 0.49 3 -0.11
"334" 1939 -0.31 3 -0.46
"335" 1940 0.15 3 0
"336" 1941 -0.04 3 -0.19
"337" 1942 0.04 3 -0.02
"338" 1943 -0.18 3 -0.23
"339" 1944 0.13 3 -0.01
"340" 1945 0.09 3 -0.16
"341" 1946 0.08 3 -0.45
"342" 1947 0.39 3 -0.03
"343" 1948 -0.17 3 -0.37
"344" 1949 0.09 3 -0.16
"345" 1950 0.13 3 -0.26
"346" 1951 -0.29 3 -0.03
"347" 1952 -0.32 3 -0.03
"348" 1953 0.31 3 0
"349" 1954 -0.22 3 -0.03
"350" 1955 -0.52 3 -0.29
"351" 1956 -0.39 3 -0.29
"352" 1957 -0.19 3 0.02
"353" 1958 0.17 3 0.18
"354" 1959 0.32 3 0.18
"355" 1960 -0.49 3 -0.45
"356" 1961 0.2 3 -0.13
"357" 1962 0.3 3 -0.07
"358" 1963 -0.16 3 -0.28
"359" 1964 -0.43 3 -0.15
"360" 1965 0.02 3 -0.25
"361" 1966 -0.04 3 0.28
"362" 1967 0.16 3 -0.14
"363" 1968 0.6 3 0.06
"364" 1969 -0.25 3 0.02
"365" 1970 -0.04 3 0.23
"366" 1971 -0.3 3 -0.12
"367" 1972 -0.03 3 -0.09
"368" 1973 0.51 3 0.28
"369" 1974 0.11 3 -0.11
"370" 1975 0.13 3 0.14
"371" 1976 -0.35 3 -0.26
"372" 1977 0.41 3 0.23
"373" 1978 0.3 3 0.27
"374" 1979 0.3 3 0.23
"375" 1980 0.17 3 0.62
"376" 1981 0.96 3 0.38
"377" 1982 0.08 3 -0.08
"378" 1983 0.64 3 0.35
"379" 1984 0.32 3 0.43
"380" 1985 0.08 3 0.44
"381" 1986 0.35 3 0.45
"382" 1987 0.14 3 0.35
"383" 1988 0.63 3 0.61
"384" 1989 0.57 3 0.35
"385" 1990 1.41 3 0.38
"386" 1991 0.6 3 0.37
"387" 1992 0.62 3 0.48
"388" 1993 0.49 3 0.19
"389" 1994 0.51 3 0.04
"390" 1995 0.69 3 0.35
"391" 1996 0.5 3 0.39
"392" 1997 1.1 3 0.23
"393" 1998 1.05 3 0.65
"394" 1999 0.47 3 0.49
"395" 2000 1.23 3 0.22
"396" 2001 1.05 3 0.34
"397" 2002 1.5 3 0.77
"398" 2003 0.82 3 0.62
"399" 2004 1.23 3 0.46
"400" 2005 1.12 3 0.75
"401" 2006 1.04 3 0.56
"402" 2007 1.21 3 0.63
"403" 2008 1.38 3 0.4
"404" 2009 0.7 3 0.57
"405" 2010 1.41 3 0.81
"406" 2011 1.13 3 0.43
"407" 2012 0.94 3 0.44
"408" 2013 1.08 3 0.62
"409" 2014 1.4 3 0.19
"410" 2015 1.53 3 0.69
"411" 2016 2.41 3 0.89
"412" 1880 -0.93 4 -0.53
"413" 1881 -0.33 4 -0.34
"414" 1882 -0.7 4 -0.81
"415" 1883 -0.65 4 -0.34
"416" 1884 -1.23 4 -0.91
"417" 1885 -0.83 4 -1.39
"418" 1886 -0.54 4 -0.71
"419" 1887 -0.83 4 -0.9
"420" 1888 -0.65 4 -0.29
"421" 1889 0.19 4 -0.36
"422" 1890 -0.59 4 -0.56
"423" 1891 -0.65 4 -0.85
"424" 1892 -0.86 4 -0.85
"425" 1893 -0.39 4 -1.02
"426" 1894 -0.7 4 -0.74
"427" 1895 -0.31 4 -0.73
"428" 1896 -0.97 4 -0.37
"429" 1897 -0.19 4 -0.19
"430" 1898 -0.29 4 -0.97
"431" 1899 -0.13 4 -0.52
"432" 1900 -0.28 4 -0.22
"433" 1901 0.19 4 -0.47
"434" 1902 -0.54 4 -0.04
"435" 1903 -0.52 4 -0.66
"436" 1904 -0.54 4 -0.48
"437" 1905 -0.43 4 -0.31
"438" 1906 0.14 4 -0.07
"439" 1907 -0.79 4 -0.54
"440" 1908 -0.39 4 -0.67
"441" 1909 -0.6 4 -0.72
"442" 1910 -0.23 4 -0.47
"443" 1911 -0.46 4 -0.71
"444" 1912 -0.25 4 -0.38
"445" 1913 -0.4 4 -0.3
"446" 1914 -0.43 4 -0.04
"447" 1915 0.17 4 -0.2
"448" 1916 -0.34 4 -0.36
"449" 1917 -0.62 4 -0.57
"450" 1918 -0.79 4 -0.45
"451" 1919 -0.33 4 -0.04
"452" 1920 -0.23 4 -0.34
"453" 1921 -0.05 4 -0.44
"454" 1922 -0.15 4 -0.22
"455" 1923 -0.7 4 -0.43
"456" 1924 -0.38 4 -0.76
"457" 1925 -0.09 4 -0.36
"458" 1926 -0.11 4 -0.21
"459" 1927 -0.4 4 -0.43
"460" 1928 -0.3 4 0
"461" 1929 -0.36 4 -0.62
"462" 1930 -0.08 4 -0.45
"463" 1931 -0.14 4 -0.44
"464" 1932 0.16 4 -0.07
"465" 1933 -0.22 4 -0.24
"466" 1934 -0.31 4 -0.43
"467" 1935 -0.39 4 -0.65
"468" 1936 -0.07 4 -0.11
"469" 1937 -0.08 4 -0.35
"470" 1938 0.47 4 0
"471" 1939 0.02 4 -0.37
"472" 1940 0.4 4 -0.33
"473" 1941 0.07 4 -0.05
"474" 1942 0.02 4 -0.06
"475" 1943 0.15 4 -0.2
"476" 1944 -0.02 4 -0.18
"477" 1945 0.27 4 -0.06
"478" 1946 0.35 4 -0.32
"479" 1947 0.37 4 -0.13
"480" 1948 0.1 4 -0.32
"481" 1949 -0.04 4 -0.4
"482" 1950 -0.24 4 -0.24
"483" 1951 0.13 4 -0.22
"484" 1952 0.13 4 -0.24
"485" 1953 0.51 4 -0.22
"486" 1954 -0.05 4 -0.24
"487" 1955 -0.24 4 -0.17
"488" 1956 -0.34 4 -0.19
"489" 1957 -0.14 4 0.13
"490" 1958 0.07 4 0.08
"491" 1959 0.23 4 0.15
"492" 1960 -0.19 4 -0.22
"493" 1961 0.15 4 0.11
"494" 1962 0.28 4 -0.14
"495" 1963 -0.04 4 -0.31
"496" 1964 -0.29 4 -0.43
"497" 1965 -0.32 4 -0.25
"498" 1966 -0.29 4 0.08
"499" 1967 -0.08 4 -0.1
"500" 1968 -0.02 4 -0.15
"501" 1969 -0.03 4 0.24
"502" 1970 0.01 4 0.2
"503" 1971 -0.21 4 0.12
"504" 1972 -0.24 4 0.14
"505" 1973 0.32 4 0.4
"506" 1974 -0.01 4 -0.13
"507" 1975 0.1 4 0
"508" 1976 -0.07 4 -0.36
"509" 1977 0.4 4 0.24
"510" 1978 0.12 4 0.4
"511" 1979 -0.11 4 0.48
"512" 1980 0.24 4 0.62
"513" 1981 0.61 4 0.41
"514" 1982 0.04 4 0.02
"515" 1983 0.2 4 0.6
"516" 1984 0.06 4 0.23
"517" 1985 -0.01 4 0.42
"518" 1986 0.29 4 0.58
"519" 1987 0.23 4 0.53
"520" 1988 0.56 4 0.45
"521" 1989 0.49 4 0.37
"522" 1990 0.82 4 0.5
"523" 1991 0.68 4 0.77
"524" 1992 0.17 4 0.3
"525" 1993 0.28 4 0.34
"526" 1994 0.65 4 0.43
"527" 1995 0.93 4 0.27
"528" 1996 0.34 4 0.66
"529" 1997 0.63 4 0.17
"530" 1998 1.24 4 0.43
"531" 1999 0.77 4 0.06
"532" 2000 1.16 4 0.37
"533" 2001 0.82 4 0.4
"534" 2002 0.74 4 0.84
"535" 2003 0.81 4 0.56
"536" 2004 1 4 0.51
"537" 2005 1.18 4 0.5
"538" 2006 0.78 4 0.57
"539" 2007 1.34 4 0.55
"540" 2008 0.84 4 0.46
"541" 2009 0.83 4 0.64
"542" 2010 1.44 4 0.57
"543" 2011 1.08 4 0.56
"544" 2012 1.32 4 0.29
"545" 2013 0.82 4 0.46
"546" 2014 1.35 4 0.42
"547" 2015 1.19 4 0.31
"548" 2016 1.97 4 0.73
"549" 1880 -0.38 5 -0.39
"550" 1881 -0.32 5 -0.06
"551" 1882 -0.65 5 -0.39
"552" 1883 -0.69 5 -0.27
"553" 1884 -0.94 5 -1.66
"554" 1885 -0.89 5 -0.59
"555" 1886 -0.54 5 -0.68
"556" 1887 -0.37 5 -1.41
"557" 1888 -0.65 5 -1.1
"558" 1889 -0.03 5 -0.12
"559" 1890 -0.79 5 -1.2
"560" 1891 -0.51 5 -0.58
"561" 1892 -0.58 5 -1.03
"562" 1893 -0.64 5 -0.98
"563" 1894 -0.5 5 -1
"564" 1895 -0.31 5 -0.4
"565" 1896 -0.43 5 -0.6
"566" 1897 0.06 5 -0.65
"567" 1898 -0.44 5 -0.99
"568" 1899 -0.25 5 -0.77
"569" 1900 -0.07 5 -0.33
"570" 1901 -0.22 5 -0.33
"571" 1902 -0.59 5 -0.27
"572" 1903 -0.56 5 -0.42
"573" 1904 -0.42 5 -0.86
"574" 1905 -0.3 5 -0.46
"575" 1906 -0.16 5 -0.34
"576" 1907 -0.8 5 -0.53
"577" 1908 -0.27 5 -0.5
"578" 1909 -0.53 5 -0.77
"579" 1910 -0.32 5 -0.32
"580" 1911 -0.35 5 -0.51
"581" 1912 -0.06 5 -0.38
"582" 1913 -0.65 5 -0.67
"583" 1914 -0.18 5 0.04
"584" 1915 0.04 5 -0.47
"585" 1916 -0.27 5 -0.52
"586" 1917 -0.93 5 -0.77
"587" 1918 -0.63 5 -0.99
"588" 1919 -0.38 5 -0.11
"589" 1920 -0.23 5 -0.5
"590" 1921 -0.25 5 -0.24
"591" 1922 -0.18 5 -0.7
"592" 1923 -0.42 5 -0.36
"593" 1924 -0.05 5 -0.53
"594" 1925 -0.29 5 -0.49
"595" 1926 -0.31 5 -0.54
"596" 1927 -0.13 5 -0.59
"597" 1928 -0.07 5 -0.75
"598" 1929 -0.27 5 -0.66
"599" 1930 -0.19 5 -0.3
"600" 1931 -0.16 5 -0.21
"601" 1932 -0.13 5 -0.28
"602" 1933 -0.23 5 -0.11
"603" 1934 0.1 5 -0.14
"604" 1935 -0.48 5 -0.36
"605" 1936 -0.08 5 -0.45
"606" 1937 0.1 5 -0.2
"607" 1938 0 5 0.1
"608" 1939 -0.03 5 -0.03
"609" 1940 0.12 5 -0.08
"610" 1941 0.07 5 0.11
"611" 1942 0.08 5 -0.04
"612" 1943 0.19 5 -0.43
"613" 1944 0.12 5 -0.27
"614" 1945 -0.21 5 -0.39
"615" 1946 -0.03 5 -0.08
"616" 1947 0.01 5 -0.05
"617" 1948 0.22 5 -0.13
"618" 1949 -0.01 5 -0.26
"619" 1950 -0.05 5 -0.4
"620" 1951 0.11 5 -0.03
"621" 1952 0.12 5 -0.31
"622" 1953 0.22 5 -0.26
"623" 1954 -0.16 5 -0.23
"624" 1955 -0.15 5 -0.22
"625" 1956 -0.36 5 -0.25
"626" 1957 -0.2 5 0.17
"627" 1958 0.16 5 0.06
"628" 1959 0.03 5 -0.03
"629" 1960 0.08 5 -0.35
"630" 1961 0.05 5 0.28
"631" 1962 0.05 5 -0.26
"632" 1963 -0.04 5 -0.22
"633" 1964 -0.1 5 -0.55
"634" 1965 -0.14 5 -0.18
"635" 1966 -0.09 5 -0.12
"636" 1967 0.22 5 0.12
"637" 1968 -0.13 5 -0.25
"638" 1969 0.15 5 0.17
"639" 1970 0.04 5 -0.13
"640" 1971 -0.12 5 -0.01
"641" 1972 -0.23 5 0.18
"642" 1973 0.15 5 0.56
"643" 1974 -0.12 5 0.17
"644" 1975 0.05 5 0.48
"645" 1976 -0.24 5 -0.21
"646" 1977 0.24 5 0.36
"647" 1978 0.02 5 0.37
"648" 1979 0.09 5 0.1
"649" 1980 0.31 5 0.61
"650" 1981 0.23 5 0.43
"651" 1982 0.01 5 0.47
"652" 1983 0.16 5 0.78
"653" 1984 0.34 5 0.59
"654" 1985 0.2 5 0.25
"655" 1986 0.25 5 0.43
"656" 1987 0.26 5 0.35
"657" 1988 0.62 5 0.62
"658" 1989 0.32 5 0.09
"659" 1990 0.56 5 0.58
"660" 1991 0.44 5 0.42
"661" 1992 0.2 5 0.34
"662" 1993 0.39 5 0.17
"663" 1994 0.49 5 0.07
"664" 1995 0.6 5 0.16
"665" 1996 0.51 5 0.19
"666" 1997 0.54 5 0.32
"667" 1998 0.89 5 0.99
"668" 1999 0.56 5 0.42
"669" 2000 0.77 5 0.36
"670" 2001 0.84 5 0.63
"671" 2002 0.68 5 1.03
"672" 2003 0.95 5 0.78
"673" 2004 0.76 5 0.2
"674" 2005 0.93 5 0.58
"675" 2006 0.9 5 0.11
"676" 2007 0.91 5 0.9
"677" 2008 0.77 5 0.34
"678" 2009 0.86 5 0.74
"679" 2010 1.18 5 0.7
"680" 2011 0.81 5 0.45
"681" 2012 1.19 5 0.69
"682" 2013 0.87 5 0.42
"683" 2014 1.11 5 0.95
"684" 2015 1.14 5 0.56
"685" 2016 1.36 5 0.94
"686" 1880 -0.39 6 -0.62
"687" 1881 -0.88 6 -1.43
"688" 1882 -0.61 6 -1.38
"689" 1883 -0.36 6 0.72
"690" 1884 -0.93 6 -1
"691" 1885 -0.68 6 -1.24
"692" 1886 -0.61 6 -1.25
"693" 1887 -0.36 6 -0.98
"694" 1888 -0.52 6 -0.77
"695" 1889 -0.16 6 -0.55
"696" 1890 -0.37 6 -0.8
"697" 1891 -0.38 6 -0.9
"698" 1892 -0.1 6 -1.11
"699" 1893 -0.28 6 -1.28
"700" 1894 -0.44 6 -0.77
"701" 1895 -0.29 6 -0.52
"702" 1896 0.06 6 -0.99
"703" 1897 -0.16 6 -0.27
"704" 1898 -0.1 6 -0.56
"705" 1899 -0.33 6 -0.89
"706" 1900 -0.16 6 -0.17
"707" 1901 0.05 6 -0.13
"708" 1902 -0.53 6 -0.36
"709" 1903 -0.63 6 -0.79
"710" 1904 -0.42 6 -0.65
"711" 1905 -0.31 6 -0.39
"712" 1906 0 6 -0.53
"713" 1907 -0.71 6 -0.75
"714" 1908 -0.2 6 -0.79
"715" 1909 -0.38 6 -0.54
"716" 1910 -0.4 6 -0.47
"717" 1911 -0.16 6 -0.7
"718" 1912 -0.16 6 -0.43
"719" 1913 -0.51 6 -0.77
"720" 1914 -0.19 6 -0.07
"721" 1915 0.02 6 -0.54
"722" 1916 -0.36 6 -0.71
"723" 1917 -0.41 6 -0.61
"724" 1918 -0.51 6 -0.51
"725" 1919 -0.36 6 -0.17
"726" 1920 -0.23 6 -0.63
"727" 1921 -0.05 6 -0.26
"728" 1922 -0.04 6 -0.6
"729" 1923 -0.27 6 -0.43
"730" 1924 -0.16 6 -0.3
"731" 1925 -0.22 6 -0.7
"732" 1926 -0.15 6 -0.4
"733" 1927 -0.08 6 -0.49
"734" 1928 -0.23 6 -0.9
"735" 1929 -0.33 6 -0.64
"736" 1930 -0.04 6 -0.48
"737" 1931 0.15 6 -0.35
"738" 1932 -0.12 6 -0.72
"739" 1933 -0.28 6 -0.3
"740" 1934 -0.02 6 -0.29
"741" 1935 -0.11 6 -0.43
"742" 1936 0.15 6 -0.51
"743" 1937 0.16 6 -0.28
"744" 1938 -0.04 6 -0.22
"745" 1939 -0.01 6 -0.23
"746" 1940 0.06 6 0.18
"747" 1941 0.11 6 0.07
"748" 1942 0.12 6 0.01
"749" 1943 -0.12 6 -0.23
"750" 1944 0.05 6 -0.2
"751" 1945 -0.08 6 -0.58
"752" 1946 -0.02 6 -0.41
"753" 1947 -0.09 6 0.08
"754" 1948 0.09 6 -0.02
"755" 1949 -0.16 6 -0.2
"756" 1950 -0.09 6 -0.13
"757" 1951 -0.1 6 -0.04
"758" 1952 0.11 6 -0.3
"759" 1953 0.25 6 -0.2
"760" 1954 -0.06 6 -0.35
"761" 1955 -0.09 6 -0.27
"762" 1956 -0.25 6 0.02
"763" 1957 0.08 6 0.19
"764" 1958 -0.02 6 -0.32
"765" 1959 0.14 6 0.04
"766" 1960 0.27 6 -0.28
"767" 1961 0.22 6 0.04
"768" 1962 -0.19 6 0.27
"769" 1963 -0.1 6 0.13
"770" 1964 -0.14 6 -0.14
"771" 1965 -0.28 6 -0.04
"772" 1966 0.01 6 -0.08
"773" 1967 -0.1 6 -0.16
"774" 1968 -0.15 6 -0.09
"775" 1969 -0.06 6 0.13
"776" 1970 0.1 6 0.13
"777" 1971 -0.14 6 -0.25
"778" 1972 -0.15 6 0.3
"779" 1973 0.27 6 0.31
"780" 1974 -0.12 6 0.15
"781" 1975 0.02 6 0.08
"782" 1976 -0.19 6 -0.15
"783" 1977 0.3 6 0.33
"784" 1978 -0.08 6 0.14
"785" 1979 0.17 6 0.24
"786" 1980 0.28 6 0.16
"787" 1981 0.41 6 0.35
"788" 1982 -0.03 6 0.11
"789" 1983 0.23 6 0.33
"790" 1984 0.28 6 -0.16
"791" 1985 0.07 6 0.45
"792" 1986 0.18 6 0.1
"793" 1987 0.31 6 0.78
"794" 1988 0.55 6 0.64
"795" 1989 0.34 6 0
"796" 1990 0.68 6 0.29
"797" 1991 0.54 6 0.84
"798" 1992 0.06 6 0.51
"799" 1993 0.31 6 0.24
"800" 1994 0.56 6 0.56
"801" 1995 0.63 6 0.39
"802" 1996 0.35 6 0.31
"803" 1997 0.53 6 0.8
"804" 1998 0.96 6 1.11
"805" 1999 0.54 6 0.68
"806" 2000 0.65 6 0.71
"807" 2001 0.69 6 0.62
"808" 2002 0.87 6 0.43
"809" 2003 0.69 6 0.6
"810" 2004 0.63 6 0.62
"811" 2005 1.01 6 0.64
"812" 2006 1 6 0.55
"813" 2007 0.85 6 0.44
"814" 2008 0.75 6 0.28
"815" 2009 0.8 6 0.74
"816" 2010 1.04 6 0.65
"817" 2011 0.93 6 0.5
"818" 2012 1.12 6 0.3
"819" 2013 0.9 6 0.79
"820" 2014 0.95 6 0.55
"821" 2015 1.17 6 0.49
"822" 2016 1.33 6 0.44
"823" 1880 -0.25 7 -0.72
"824" 1881 -0.42 7 -0.76
"825" 1882 -0.58 7 -0.95
"826" 1883 -0.28 7 -0.09
"827" 1884 -0.72 7 -1.2
"828" 1885 -0.4 7 -1.05
"829" 1886 -0.12 7 -0.7
"830" 1887 -0.17 7 -0.67
"831" 1888 -0.27 7 -0.54
"832" 1889 -0.21 7 -0.83
"833" 1890 -0.25 7 -1.13
"834" 1891 -0.31 7 -1.27
"835" 1892 -0.41 7 -0.58
"836" 1893 -0.11 7 -0.34
"837" 1894 -0.11 7 -0.78
"838" 1895 -0.22 7 -0.86
"839" 1896 0 7 -0.59
"840" 1897 0 7 -0.26
"841" 1898 -0.13 7 -0.67
"842" 1899 -0.04 7 -0.73
"843" 1900 -0.2 7 -0.61
"844" 1901 0.12 7 -0.72
"845" 1902 -0.41 7 -0.55
"846" 1903 -0.44 7 -0.35
"847" 1904 -0.5 7 -0.79
"848" 1905 -0.21 7 -0.74
"849" 1906 -0.21 7 -0.36
"850" 1907 -0.45 7 -0.56
"851" 1908 -0.19 7 -0.66
"852" 1909 -0.27 7 -0.5
"853" 1910 -0.18 7 -0.34
"854" 1911 -0.08 7 -0.34
"855" 1912 -0.66 7 -0.46
"856" 1913 -0.5 7 -0.06
"857" 1914 -0.27 7 -0.28
"858" 1915 0.01 7 -0.05
"859" 1916 -0.15 7 -0.61
"860" 1917 -0.18 7 0.11
"861" 1918 -0.36 7 -0.81
"862" 1919 -0.29 7 -0.09
"863" 1920 -0.12 7 -0.42
"864" 1921 0.12 7 -0.26
"865" 1922 -0.16 7 -0.19
"866" 1923 -0.26 7 -0.82
"867" 1924 -0.05 7 -0.35
"868" 1925 -0.24 7 -0.72
"869" 1926 -0.09 7 -0.38
"870" 1927 0.15 7 -0.43
"871" 1928 0.07 7 -0.34
"872" 1929 -0.26 7 -0.62
"873" 1930 0.13 7 -0.55
"874" 1931 0.22 7 -0.12
"875" 1932 -0.11 7 -0.37
"876" 1933 0.05 7 -0.32
"877" 1934 0.03 7 -0.06
"878" 1935 -0.01 7 -0.52
"879" 1936 0.24 7 0.07
"880" 1937 0.17 7 -0.38
"881" 1938 0.08 7 -0.06
"882" 1939 0.09 7 -0.35
"883" 1940 0.08 7 0.2
"884" 1941 0.14 7 0.25
"885" 1942 0.03 7 -0.03
"886" 1943 -0.01 7 0.08
"887" 1944 -0.01 7 0.01
"888" 1945 -0.14 7 -0.36
"889" 1946 -0.01 7 -0.02
"890" 1947 0.01 7 -0.07
"891" 1948 0 7 -0.28
"892" 1949 -0.18 7 -0.04
"893" 1950 -0.26 7 -0.05
"894" 1951 0.01 7 -0.13
"895" 1952 0.17 7 -0.08
"896" 1953 0.25 7 -0.3
"897" 1954 -0.18 7 -0.32
"898" 1955 -0.11 7 -0.24
"899" 1956 -0.32 7 0.05
"900" 1957 0.05 7 -0.29
"901" 1958 -0.01 7 0.16
"902" 1959 0.03 7 0.17
"903" 1960 0.09 7 -0.29
"904" 1961 0.04 7 -0.02
"905" 1962 0.07 7 -0.31
"906" 1963 0.05 7 0.05
"907" 1964 -0.18 7 0
"908" 1965 -0.27 7 -0.27
"909" 1966 0.07 7 0.12
"910" 1967 0.08 7 0.01
"911" 1968 -0.16 7 -0.12
"912" 1969 0.1 7 -0.13
"913" 1970 0.04 7 0.14
"914" 1971 -0.1 7 -0.08
"915" 1972 -0.03 7 0.14
"916" 1973 0.16 7 0.28
"917" 1974 -0.12 7 0.09
"918" 1975 0.04 7 0.12
"919" 1976 -0.25 7 -0.07
"920" 1977 0.16 7 0.45
"921" 1978 -0.01 7 0.39
"922" 1979 0.13 7 -0.05
"923" 1980 0.19 7 0.53
"924" 1981 0.2 7 0.79
"925" 1982 0.12 7 0.23
"926" 1983 0.38 7 0.05
"927" 1984 0.23 7 0.16
"928" 1985 -0.02 7 0.09
"929" 1986 0.03 7 0.26
"930" 1987 0.45 7 0.72
"931" 1988 0.5 7 0.4
"932" 1989 0.4 7 0.56
"933" 1990 0.4 7 0.83
"934" 1991 0.58 7 0.66
"935" 1992 -0.12 7 0.25
"936" 1993 0.21 7 0.54
"937" 1994 0.53 7 0.29
"938" 1995 0.55 7 0.69
"939" 1996 0.42 7 0.67
"940" 1997 0.48 7 0.19
"941" 1998 0.97 7 0.85
"942" 1999 0.52 7 0.74
"943" 2000 0.52 7 0.71
"944" 2001 0.74 7 0.69
"945" 2002 0.91 7 0.73
"946" 2003 0.77 7 0.52
"947" 2004 0.58 7 -0.1
"948" 2005 0.94 7 0.66
"949" 2006 0.85 7 0.44
"950" 2007 0.82 7 0.72
"951" 2008 0.66 7 0.76
"952" 2009 0.7 7 0.96
"953" 2010 1.04 7 0.46
"954" 2011 0.89 7 0.88
"955" 2012 0.94 7 0.18
"956" 2013 0.78 7 0.48
"957" 2014 0.91 7 0.49
"958" 2015 0.95 7 0.39
"959" 2016 1.26 7 0.68
"960" 1880 -0.36 8 0.27
"961" 1881 -0.21 8 -0.31
"962" 1882 -0.26 8 -0.15
"963" 1883 -0.52 8 -0.04
"964" 1884 -0.83 8 0.79
"965" 1885 -0.59 8 -0.06
"966" 1886 -0.45 8 -1.02
"967" 1887 -0.71 8 -0.01
"968" 1888 -0.48 8 -0.4
"969" 1889 -0.3 8 -1.1
"970" 1890 -0.36 8 -0.96
"971" 1891 -0.26 8 -0.93
"972" 1892 -0.39 8 -0.25
"973" 1893 -0.24 8 -0.7
"974" 1894 -0.18 8 -0.64
"975" 1895 -0.3 8 -0.27
"976" 1896 -0.27 8 -0.65
"977" 1897 -0.07 8 -0.64
"978" 1898 0.02 8 -0.57
"979" 1899 0.04 8 -0.82
"980" 1900 -0.04 8 -0.38
"981" 1901 -0.08 8 -0.49
"982" 1902 -0.31 8 -0.85
"983" 1903 -0.57 8 -0.45
"984" 1904 -0.37 8 -0.72
"985" 1905 -0.32 8 -0.37
"986" 1906 0.01 8 -0.44
"987" 1907 -0.42 8 -0.77
"988" 1908 -0.44 8 -0.43
"989" 1909 -0.1 8 -0.2
"990" 1910 -0.22 8 -0.15
"991" 1911 -0.17 8 -0.43
"992" 1912 -0.92 8 -0.46
"993" 1913 -0.38 8 -0.12
"994" 1914 -0.15 8 -0.13
"995" 1915 -0.04 8 -0.43
"996" 1916 -0.12 8 -0.14
"997" 1917 -0.3 8 -0.55
"998" 1918 -0.37 8 -0.69
"999" 1919 -0.08 8 -0.26
"1000" 1920 -0.14 8 -0.29
"1001" 1921 -0.28 8 -0.75
"1002" 1922 -0.25 8 -0.38
"1003" 1923 -0.11 8 -0.74
"1004" 1924 -0.1 8 -0.34
"1005" 1925 -0.03 8 -0.3
"1006" 1926 -0.01 8 -0.13
"1007" 1927 -0.02 8 -0.55
"1008" 1928 -0.07 8 -0.14
"1009" 1929 -0.12 8 -0.68
"1010" 1930 0.21 8 -0.66
"1011" 1931 0.23 8 -0.11
"1012" 1932 0 8 -0.4
"1013" 1933 -0.05 8 -0.33
"1014" 1934 -0.05 8 0.05
"1015" 1935 -0.03 8 -0.5
"1016" 1936 0.1 8 -0.14
"1017" 1937 0.23 8 -0.15
"1018" 1938 0.27 8 -0.38
"1019" 1939 0.09 8 -0.53
"1020" 1940 -0.06 8 0.14
"1021" 1941 0.03 8 -0.02
"1022" 1942 -0.16 8 0.27
"1023" 1943 0.04 8 -0.38
"1024" 1944 0.06 8 0.03
"1025" 1945 0.18 8 0.18
"1026" 1946 -0.05 8 -0.07
"1027" 1947 0.03 8 -0.01
"1028" 1948 0.02 8 -0.35
"1029" 1949 -0.01 8 -0.21
"1030" 1950 -0.25 8 -0.39
"1031" 1951 0.24 8 -0.06
"1032" 1952 0.04 8 0.12
"1033" 1953 0.14 8 0.05
"1034" 1954 -0.02 8 -0.28
"1035" 1955 0.01 8 0.14
"1036" 1956 -0.38 8 -0.26
"1037" 1957 0.1 8 0.15
"1038" 1958 0.12 8 -0.3
"1039" 1959 0.09 8 -0.06
"1040" 1960 0.13 8 0.01
"1041" 1961 0.09 8 0.06
"1042" 1962 0.03 8 -0.17
"1043" 1963 0.1 8 0.26
"1044" 1964 -0.28 8 -0.3
"1045" 1965 -0.25 8 0.06
"1046" 1966 0.19 8 -0.37
"1047" 1967 0.05 8 -0.01
"1048" 1968 -0.17 8 -0.01
"1049" 1969 0.01 8 -0.18
"1050" 1970 -0.01 8 -0.13
"1051" 1971 -0.16 8 0.23
"1052" 1972 -0.07 8 0.44
"1053" 1973 0.1 8 0.04
"1054" 1974 -0.04 8 0.29
"1055" 1975 -0.04 8 -0.43
"1056" 1976 -0.24 8 -0.21
"1057" 1977 0.07 8 0.48
"1058" 1978 -0.03 8 -0.24
"1059" 1979 0.07 8 0.2
"1060" 1980 0.11 8 0.5
"1061" 1981 0.32 8 0.73
"1062" 1982 0.02 8 0.14
"1063" 1983 0.43 8 0.49
"1064" 1984 0.23 8 0.31
"1065" 1985 0.12 8 0.58
"1066" 1986 0.12 8 0.28
"1067" 1987 0.39 8 0.16
"1068" 1988 0.39 8 0.74
"1069" 1989 0.36 8 0.66
"1070" 1990 0.53 8 0.32
"1071" 1991 0.46 8 0.66
"1072" 1992 -0.02 8 0.26
"1073" 1993 0.09 8 0.31
"1074" 1994 0.42 8 0.11
"1075" 1995 0.72 8 0.43
"1076" 1996 0.24 8 1.21
"1077" 1997 0.56 8 0.34
"1078" 1998 0.89 8 0.8
"1079" 1999 0.49 8 0.59
"1080" 2000 0.61 8 0.6
"1081" 2001 0.88 8 0.4
"1082" 2002 0.64 8 0.71
"1083" 2003 0.99 8 0.7
"1084" 2004 0.67 8 0.45
"1085" 2005 0.85 8 0.59
"1086" 2006 0.73 8 0.89
"1087" 2007 0.93 8 0.72
"1088" 2008 0.64 8 0.13
"1089" 2009 0.81 8 0.83
"1090" 2010 1.06 8 0.6
"1091" 2011 0.85 8 1
"1092" 2012 0.91 8 0.76
"1093" 2013 0.76 8 0.77
"1094" 2014 0.92 8 0.74
"1095" 2015 1.07 8 0.67
"1096" 2016 1.34 8 1.19
"1097" 1880 -0.53 9 -0.5
"1098" 1881 -0.35 9 -0.61
"1099" 1882 -0.45 9 0.15
"1100" 1883 -0.58 9 -0.5
"1101" 1884 -0.85 9 -0.21
"1102" 1885 -0.55 9 0.01
"1103" 1886 -0.39 9 -0.44
"1104" 1887 -0.35 9 -0.95
"1105" 1888 -0.45 9 -0.42
"1106" 1889 -0.46 9 -0.47
"1107" 1890 -0.28 9 -0.51
"1108" 1891 -0.15 9 -0.84
"1109" 1892 -0.16 9 -0.86
"1110" 1893 -0.27 9 -0.48
"1111" 1894 -0.36 9 -0.72
"1112" 1895 0.03 9 -0.45
"1113" 1896 -0.14 9 -0.29
"1114" 1897 -0.15 9 -0.26
"1115" 1898 -0.1 9 -0.12
"1116" 1899 0.04 9 -0.22
"1117" 1900 -0.07 9 -0.19
"1118" 1901 -0.21 9 0.05
"1119" 1902 -0.36 9 -0.55
"1120" 1903 -0.4 9 -0.62
"1121" 1904 -0.55 9 -0.54
"1122" 1905 -0.19 9 -0.36
"1123" 1906 -0.06 9 -0.65
"1124" 1907 -0.27 9 -0.62
"1125" 1908 -0.15 9 -0.28
"1126" 1909 -0.13 9 -0.34
"1127" 1910 -0.27 9 -0.03
"1128" 1911 -0.17 9 -0.46
"1129" 1912 -0.74 9 -0.1
"1130" 1913 -0.39 9 -0.15
"1131" 1914 -0.22 9 -0.05
"1132" 1915 -0.07 9 -0.03
"1133" 1916 -0.35 9 -0.07
"1134" 1917 -0.21 9 -0.47
"1135" 1918 -0.21 9 -0.3
"1136" 1919 -0.04 9 -0.4
"1137" 1920 -0.3 9 -0.13
"1138" 1921 -0.24 9 -0.16
"1139" 1922 -0.29 9 -0.14
"1140" 1923 -0.07 9 -0.64
"1141" 1924 -0.1 9 -0.12
"1142" 1925 0.12 9 -0.73
"1143" 1926 0.03 9 -0.1
"1144" 1927 0.09 9 -0.36
"1145" 1928 -0.01 9 -0.03
"1146" 1929 -0.11 9 -0.42
"1147" 1930 0.05 9 -0.46
"1148" 1931 0.24 9 -0.47
"1149" 1932 0.16 9 -0.12
"1150" 1933 -0.18 9 -0.12
"1151" 1934 -0.08 9 -0.18
"1152" 1935 0.01 9 -0.65
"1153" 1936 0.09 9 -0.17
"1154" 1937 0.41 9 0.01
"1155" 1938 0.33 9 -0.16
"1156" 1939 0.14 9 -0.41
"1157" 1940 0.14 9 0.19
"1158" 1941 -0.11 9 -0.27
"1159" 1942 0.08 9 0.04
"1160" 1943 0.07 9 -0.04
"1161" 1944 0.28 9 0.16
"1162" 1945 0.12 9 -0.03
"1163" 1946 0.02 9 -0.09
"1164" 1947 0.11 9 -0.1
"1165" 1948 0.1 9 -0.1
"1166" 1949 -0.01 9 -0.11
"1167" 1950 -0.14 9 -0.24
"1168" 1951 0.32 9 -0.15
"1169" 1952 0.11 9 0.12
"1170" 1953 0.14 9 0.01
"1171" 1954 0.13 9 -0.4
"1172" 1955 -0.04 9 -0.17
"1173" 1956 -0.38 9 0.04
"1174" 1957 0.09 9 0.09
"1175" 1958 0.1 9 -0.23
"1176" 1959 0.1 9 -0.33
"1177" 1960 0.14 9 0.03
"1178" 1961 0.01 9 0.3
"1179" 1962 -0.09 9 0.1
"1180" 1963 0.13 9 0.28
"1181" 1964 -0.28 9 -0.44
"1182" 1965 -0.29 9 -0.25
"1183" 1966 0.09 9 -0.13
"1184" 1967 -0.07 9 0.05
"1185" 1968 -0.09 9 -0.44
"1186" 1969 -0.01 9 0.01
"1187" 1970 -0.02 9 0.31
"1188" 1971 -0.06 9 0.1
"1189" 1972 -0.34 9 0.41
"1190" 1973 -0.01 9 0.24
"1191" 1974 -0.15 9 -0.14
"1192" 1975 0 9 -0.03
"1193" 1976 -0.11 9 -0.19
"1194" 1977 0.19 9 -0.33
"1195" 1978 0.03 9 0.26
"1196" 1979 0.22 9 0.36
"1197" 1980 0.14 9 0.49
"1198" 1981 0.23 9 0.32
"1199" 1982 0.15 9 0.03
"1200" 1983 0.44 9 0.68
"1201" 1984 0.02 9 0.51
"1202" 1985 0.09 9 0.4
"1203" 1986 -0.01 9 0.06
"1204" 1987 0.52 9 0.21
"1205" 1988 0.38 9 0.72
"1206" 1989 0.35 9 0.68
"1207" 1990 0.46 9 0.16
"1208" 1991 0.55 9 0.69
"1209" 1992 -0.19 9 0.1
"1210" 1993 -0.05 9 0.21
"1211" 1994 0.38 9 0.44
"1212" 1995 0.56 9 0.36
"1213" 1996 0.04 9 0.76
"1214" 1997 0.6 9 0.4
"1215" 1998 0.8 9 0.37
"1216" 1999 0.63 9 0.67
"1217" 2000 0.43 9 0.66
"1218" 2001 0.64 9 0.73
"1219" 2002 0.76 9 0.85
"1220" 2003 0.88 9 0.73
"1221" 2004 0.66 9 0.5
"1222" 2005 1.1 9 0.82
"1223" 2006 0.83 9 0.6
"1224" 2007 0.81 9 0.8
"1225" 2008 0.65 9 0.94
"1226" 2009 0.95 9 0.81
"1227" 2010 0.89 9 0.82
"1228" 2011 0.95 9 0.56
"1229" 2012 1.02 9 0.74
"1230" 2013 0.76 9 1.18
"1231" 2014 0.89 9 1.23
"1232" 2015 1.17 9 0.39
"1233" 2016 1.41 9 0.76
"1234" 1880 -0.56 10 -0.94
"1235" 1881 -0.72 10 -0.64
"1236" 1882 -0.91 10 0.03
"1237" 1883 -0.55 10 -0.87
"1238" 1884 -0.82 10 -0.94
"1239" 1885 -0.81 10 0.23
"1240" 1886 -0.51 10 -1.27
"1241" 1887 -0.72 10 -0.6
"1242" 1888 -0.4 10 -0.54
"1243" 1889 -0.64 10 -0.1
"1244" 1890 -0.12 10 -0.49
"1245" 1891 -0.58 10 -0.87
"1246" 1892 -0.23 10 -0.64
"1247" 1893 -0.14 10 -0.19
"1248" 1894 -0.37 10 -0.11
"1249" 1895 -0.29 10 -0.15
"1250" 1896 -0.01 10 -0.19
"1251" 1897 -0.24 10 -0.4
"1252" 1898 -0.39 10 -0.55
"1253" 1899 0.1 10 -0.76
"1254" 1900 0.21 10 -0.01
"1255" 1901 -0.28 10 -0.28
"1256" 1902 -0.49 10 -0.59
"1257" 1903 -0.5 10 -0.68
"1258" 1904 -0.34 10 -0.81
"1259" 1905 -0.36 10 -0.46
"1260" 1906 0.02 10 -0.47
"1261" 1907 -0.12 10 -0.59
"1262" 1908 -0.32 10 -0.55
"1263" 1909 -0.15 10 -0.29
"1264" 1910 -0.09 10 -0.59
"1265" 1911 -0.1 10 -0.33
"1266" 1912 -1 10 -0.13
"1267" 1913 -0.45 10 -0.25
"1268" 1914 0.09 10 0.04
"1269" 1915 -0.24 10 -0.09
"1270" 1916 -0.19 10 -0.16
"1271" 1917 -0.7 10 -0.44
"1272" 1918 0.11 10 -0.19
"1273" 1919 -0.01 10 -0.28
"1274" 1920 -0.42 10 -0.53
"1275" 1921 -0.11 10 -0.2
"1276" 1922 -0.25 10 -0.45
"1277" 1923 0.27 10 -0.51
"1278" 1924 -0.12 10 -0.32
"1279" 1925 -0.09 10 -0.68
"1280" 1926 0.06 10 -0.32
"1281" 1927 0.36 10 -0.14
"1282" 1928 0.06 10 -0.21
"1283" 1929 0.08 10 -0.14
"1284" 1930 0.05 10 -0.65
"1285" 1931 0.41 10 -0.37
"1286" 1932 0.25 10 -0.14
"1287" 1933 -0.08 10 -0.13
"1288" 1934 0.19 10 -0.33
"1289" 1935 0.11 10 -0.19
"1290" 1936 0.07 10 -0.09
"1291" 1937 0.45 10 -0.05
"1292" 1938 0.44 10 0.07
"1293" 1939 -0.02 10 -0.26
"1294" 1940 0.14 10 -0.07
"1295" 1941 0.26 10 -0.09
"1296" 1942 0.27 10 -0.28
"1297" 1943 0.37 10 0.14
"1298" 1944 0.34 10 0.02
"1299" 1945 0.13 10 -0.05
"1300" 1946 -0.01 10 -0.31
"1301" 1947 0.64 10 -0.19
"1302" 1948 0.12 10 -0.15
"1303" 1949 0.14 10 -0.12
"1304" 1950 -0.09 10 -0.36
"1305" 1951 0.22 10 -0.2
"1306" 1952 -0.04 10 -0.01
"1307" 1953 0.26 10 -0.12
"1308" 1954 0.12 10 -0.1
"1309" 1955 0.06 10 -0.06
"1310" 1956 -0.38 10 -0.13
"1311" 1957 -0.03 10 0.03
"1312" 1958 0.06 10 0.11
"1313" 1959 -0.04 10 -0.15
"1314" 1960 0.05 10 0.18
"1315" 1961 -0.06 10 0.23
"1316" 1962 0.15 10 -0.1
"1317" 1963 0.46 10 -0.22
"1318" 1964 -0.31 10 -0.38
"1319" 1965 -0.1 10 -0.1
"1320" 1966 -0.19 10 -0.34
"1321" 1967 0.33 10 -0.09
"1322" 1968 -0.02 10 0.13
"1323" 1969 0.05 10 0.1
"1324" 1970 -0.13 10 0.32
"1325" 1971 -0.08 10 0.06
"1326" 1972 -0.07 10 0
"1327" 1973 0.05 10 0.36
"1328" 1974 -0.28 10 0.12
"1329" 1975 -0.04 10 -0.05
"1330" 1976 -0.6 10 -0.15
"1331" 1977 -0.03 10 0.04
"1332" 1978 -0.02 10 0.1
"1333" 1979 0.36 10 0.2
"1334" 1980 0.23 10 0.24
"1335" 1981 0.25 10 -0.03
"1336" 1982 -0.02 10 0.05
"1337" 1983 0.25 10 0.43
"1338" 1984 0.19 10 0.26
"1339" 1985 0.14 10 0.14
"1340" 1986 0.06 10 0.16
"1341" 1987 0.28 10 0.39
"1342" 1988 0.36 10 0.73
"1343" 1989 0.34 10 0.51
"1344" 1990 0.52 10 0.51
"1345" 1991 0.41 10 0.31
"1346" 1992 -0.2 10 0.33
"1347" 1993 0.17 10 0.28
"1348" 1994 0.6 10 0.24
"1349" 1995 0.86 10 0.48
"1350" 1996 0.1 10 0.52
"1351" 1997 0.69 10 0.5
"1352" 1998 0.74 10 0.61
"1353" 1999 0.54 10 0.72
"1354" 2000 0.36 10 0.33
"1355" 2001 0.76 10 0.46
"1356" 2002 0.67 10 0.6
"1357" 2003 1.12 10 0.57
"1358" 2004 0.85 10 0.77
"1359" 2005 1.15 10 0.81
"1360" 2006 1.12 10 0.51
"1361" 2007 1.07 10 0.51
"1362" 2008 0.87 10 0.58
"1363" 2009 0.87 10 0.55
"1364" 2010 1.18 10 0.72
"1365" 2011 1.14 10 0.52
"1366" 2012 1.05 10 0.78
"1367" 2013 0.98 10 0.68
"1368" 2014 1.13 10 0.87
"1369" 2015 1.34 10 0.96
"1370" 2016 1.32 10 1.07
"1371" 1880 -0.9 11 -0.24
"1372" 1881 -0.66 11 -0.75
"1373" 1882 -1 11 -0.2
"1374" 1883 -0.93 11 -0.84
"1375" 1884 -0.95 11 -0.78
"1376" 1885 -0.65 11 -0.25
"1377" 1886 -0.8 11 -0.25
"1378" 1887 -0.56 11 -1.28
"1379" 1888 -0.39 11 0.06
"1380" 1889 -1.01 11 -0.39
"1381" 1890 -0.95 11 -0.72
"1382" 1891 -1.05 11 -0.49
"1383" 1892 -1.12 11 -0.46
"1384" 1893 -0.3 11 -0.29
"1385" 1894 -0.78 11 0.1
"1386" 1895 -0.17 11 -0.34
"1387" 1896 -0.64 11 -0.6
"1388" 1897 -0.33 11 0.1
"1389" 1898 -0.61 11 -0.55
"1390" 1899 0.51 11 -0.53
"1391" 1900 -0.23 11 -0.12
"1392" 1901 -0.34 11 -0.06
"1393" 1902 -0.74 11 -0.48
"1394" 1903 -0.42 11 -0.63
"1395" 1904 -0.06 11 -0.46
"1396" 1905 0.09 11 -0.31
"1397" 1906 -0.55 11 -0.68
"1398" 1907 -0.74 11 -0.63
"1399" 1908 -0.74 11 -0.57
"1400" 1909 0.15 11 -0.5
"1401" 1910 -0.61 11 -0.62
"1402" 1911 -0.1 11 -0.22
"1403" 1912 -0.54 11 -0.38
"1404" 1913 -0.07 11 -0.23
"1405" 1914 -0.3 11 -0.48
"1406" 1915 0.05 11 -0.05
"1407" 1916 -0.3 11 -0.55
"1408" 1917 -0.39 11 -0.38
"1409" 1918 -0.4 11 -0.25
"1410" 1919 -0.57 11 -0.49
"1411" 1920 -0.54 11 -0.23
"1412" 1921 -0.27 11 -0.35
"1413" 1922 -0.14 11 -0.25
"1414" 1923 0.28 11 -0.37
"1415" 1924 0.35 11 -0.44
"1416" 1925 0.21 11 -0.36
"1417" 1926 0.19 11 -0.17
"1418" 1927 0.22 11 -0.08
"1419" 1928 0.16 11 -0.02
"1420" 1929 0.07 11 -0.19
"1421" 1930 0.35 11 -0.2
"1422" 1931 0.32 11 -0.64
"1423" 1932 -0.35 11 0.05
"1424" 1933 -0.27 11 -0.49
"1425" 1934 0.44 11 -0.33
"1426" 1935 -0.45 11 -0.22
"1427" 1936 0.1 11 -0.11
"1428" 1937 0.34 11 0.23
"1429" 1938 0.37 11 -0.18
"1430" 1939 0.2 11 -0.44
"1431" 1940 0.22 11 -0.09
"1432" 1941 -0.09 11 -0.02
"1433" 1942 0.17 11 -0.02
"1434" 1943 0.23 11 -0.12
"1435" 1944 0.05 11 -0.13
"1436" 1945 0 11 -0.18
"1437" 1946 0.17 11 -0.32
"1438" 1947 0.36 11 0.05
"1439" 1948 0.2 11 -0.47
"1440" 1949 0.13 11 -0.22
"1441" 1950 -0.42 11 -0.41
"1442" 1951 0.1 11 -0.14
"1443" 1952 -0.24 11 -0.2
"1444" 1953 0.06 11 -0.02
"1445" 1954 0.41 11 -0.1
"1446" 1955 -0.45 11 -0.09
"1447" 1956 -0.46 11 -0.07
"1448" 1957 0.15 11 0.1
"1449" 1958 0.01 11 0.14
"1450" 1959 0.03 11 -0.19
"1451" 1960 -0.08 11 -0.13
"1452" 1961 0.08 11 0.1
"1453" 1962 0.17 11 0.04
"1454" 1963 0.42 11 -0.27
"1455" 1964 -0.22 11 -0.22
"1456" 1965 -0.04 11 -0.22
"1457" 1966 -0.03 11 -0.08
"1458" 1967 0.07 11 -0.06
"1459" 1968 -0.24 11 0.06
"1460" 1969 0.14 11 0.04
"1461" 1970 0.11 11 -0.02
"1462" 1971 0.04 11 -0.23
"1463" 1972 -0.3 11 0.22
"1464" 1973 -0.05 11 0.27
"1465" 1974 -0.18 11 0.04
"1466" 1975 -0.2 11 0.07
"1467" 1976 -0.43 11 0.1
"1468" 1977 0.36 11 0.14
"1469" 1978 0.2 11 0.1
"1470" 1979 0.3 11 0.3
"1471" 1980 0.29 11 0.29
"1472" 1981 0.46 11 0
"1473" 1982 -0.18 11 0.41
"1474" 1983 0.63 11 0.05
"1475" 1984 -0.05 11 0.26
"1476" 1985 -0.02 11 0.2
"1477" 1986 0.03 11 0.21
"1478" 1987 0.11 11 0.46
"1479" 1988 0.07 11 0.29
"1480" 1989 0.11 11 0.33
"1481" 1990 0.55 11 0.52
"1482" 1991 0.42 11 0.25
"1483" 1992 -0.08 11 0.12
"1484" 1993 -0.19 11 0.34
"1485" 1994 0.6 11 0.44
"1486" 1995 0.73 11 0.34
"1487" 1996 0.48 11 0.52
"1488" 1997 0.69 11 0.73
"1489" 1998 0.74 11 0.56
"1490" 1999 0.78 11 0.39
"1491" 2000 0.29 11 0.62
"1492" 2001 1.11 11 0.46
"1493" 2002 0.95 11 0.47
"1494" 2003 0.85 11 0.43
"1495" 2004 1.13 11 0.61
"1496" 2005 1.22 11 0.58
"1497" 2006 1.12 11 0.6
"1498" 2007 1.02 11 0.41
"1499" 2008 1.01 11 0.58
"1500" 2009 0.93 11 0.71
"1501" 2010 1.48 11 0.55
"1502" 2011 0.8 11 0.72
"1503" 2012 1.1 11 0.74
"1504" 2013 1.15 11 0.58
"1505" 2014 0.97 11 0.58
"1506" 2015 1.57 11 0.81
"1507" 2016 1.33 11 1.08
"1508" 1880 -1.14 12 -0.09
"1509" 1881 -0.63 12 0.18
"1510" 1882 -1.18 12 -0.69
"1511" 1883 -0.79 12 -0.13
"1512" 1884 -0.85 12 -1.33
"1513" 1885 -0.14 12 -0.3
"1514" 1886 -0.39 12 -0.99
"1515" 1887 -1.01 12 -0.6
"1516" 1888 -0.81 12 0.06
"1517" 1889 -0.85 12 -0.35
"1518" 1890 -0.65 12 -0.55
"1519" 1891 -0.02 12 -0.26
"1520" 1892 -0.98 12 -0.51
"1521" 1893 -0.84 12 -0.23
"1522" 1894 -0.47 12 -0.1
"1523" 1895 -0.46 12 0.03
"1524" 1896 -0.62 12 -0.06
"1525" 1897 -0.37 12 -0.31
"1526" 1898 -0.34 12 -0.25
"1527" 1899 -0.68 12 -0.09
"1528" 1900 -0.06 12 -0.21
"1529" 1901 -0.54 12 -0.13
"1530" 1902 -0.93 12 -0.42
"1531" 1903 -0.69 12 -0.67
"1532" 1904 -0.28 12 -0.59
"1533" 1905 -0.31 12 -0.26
"1534" 1906 0.06 12 -0.64
"1535" 1907 -0.65 12 -0.8
"1536" 1908 -0.54 12 -0.41
"1537" 1909 -0.66 12 -0.52
"1538" 1910 -0.94 12 -0.5
"1539" 1911 -0.24 12 -0.28
"1540" 1912 -0.59 12 -0.22
"1541" 1913 0.17 12 -0.09
"1542" 1914 -0.31 12 -0.24
"1543" 1915 -0.13 12 -0.22
"1544" 1916 -1.31 12 -0.52
"1545" 1917 -1.59 12 -0.54
"1546" 1918 -0.72 12 -0.19
"1547" 1919 -0.65 12 -0.14
"1548" 1920 -0.81 12 -0.32
"1549" 1921 -0.16 12 -0.27
"1550" 1922 -0.14 12 -0.26
"1551" 1923 0.2 12 -0.4
"1552" 1924 -0.26 12 -0.44
"1553" 1925 0.37 12 -0.05
"1554" 1926 -0.37 12 -0.3
"1555" 1927 -0.41 12 -0.19
"1556" 1928 0.11 12 -0.24
"1557" 1929 -0.66 12 -0.62
"1558" 1930 0.05 12 -0.26
"1559" 1931 0.16 12 -0.08
"1560" 1932 -0.11 12 -0.2
"1561" 1933 -0.64 12 -0.53
"1562" 1934 0.47 12 -0.31
"1563" 1935 -0.22 12 -0.18
"1564" 1936 0.17 12 -0.08
"1565" 1937 -0.09 12 -0.14
"1566" 1938 -0.2 12 -0.1
"1567" 1939 0.98 12 -0.24
"1568" 1940 0.25 12 0.2
"1569" 1941 -0.12 12 0.12
"1570" 1942 0.03 12 -0.05
"1571" 1943 0.4 12 -0.06
"1572" 1944 -0.35 12 -0.12
"1573" 1945 -0.54 12 -0.27
"1574" 1946 -0.42 12 -0.23
"1575" 1947 -0.01 12 -0.32
"1576" 1948 -0.28 12 -0.16
"1577" 1949 -0.23 12 -0.15
"1578" 1950 -0.12 12 -0.27
"1579" 1951 0.36 12 -0.07
"1580" 1952 0.03 12 -0.1
"1581" 1953 0.26 12 0.03
"1582" 1954 -0.12 12 -0.14
"1583" 1955 -0.36 12 -0.27
"1584" 1956 -0.3 12 -0.12
"1585" 1957 0.23 12 0.16
"1586" 1958 0.18 12 -0.31
"1587" 1959 0.15 12 0.04
"1588" 1960 0.42 12 -0.05
"1589" 1961 -0.21 12 -0.07
"1590" 1962 0.12 12 -0.1
"1591" 1963 -0.01 12 -0.09
"1592" 1964 -0.33 12 -0.36
"1593" 1965 -0.21 12 -0.18
"1594" 1966 -0.09 12 -0.09
"1595" 1967 0.05 12 -0.05
"1596" 1968 -0.35 12 -0.1
"1597" 1969 0.44 12 0.21
"1598" 1970 -0.28 12 0.04
"1599" 1971 -0.09 12 0.01
"1600" 1972 -0.12 12 0.43
"1601" 1973 0.07 12 -0.06
"1602" 1974 -0.26 12 0.19
"1603" 1975 -0.29 12 -0.15
"1604" 1976 -0.33 12 0.27
"1605" 1977 0.15 12 0.14
"1606" 1978 0.15 12 0.07
"1607" 1979 0.67 12 0.4
"1608" 1980 0.03 12 0.33
"1609" 1981 0.69 12 0.28
"1610" 1982 0.38 12 0.47
"1611" 1983 0.18 12 0.2
"1612" 1984 -0.29 12 0.33
"1613" 1985 0.18 12 0.12
"1614" 1986 0.19 12 0.24
"1615" 1987 0.63 12 0.5
"1616" 1988 0.6 12 0.18
"1617" 1989 0.34 12 0.45
"1618" 1990 0.43 12 0.51
"1619" 1991 0.32 12 0.34
"1620" 1992 0.33 12 0.16
"1621" 1993 0.28 12 0.11
"1622" 1994 0.44 12 0.43
"1623" 1995 0.4 12 0.39
"1624" 1996 0.61 12 0.47
"1625" 1997 0.64 12 0.72
"1626" 1998 1.02 12 0.54
"1627" 1999 0.85 12 0.18
"1628" 2000 0.54 12 0.38
"1629" 2001 0.91 12 0.52
"1630" 2002 0.7 12 0.39
"1631" 2003 1.17 12 0.6
"1632" 2004 0.57 12 0.76
"1633" 2005 1 12 0.76
"1634" 2006 1.39 12 0.46
"1635" 2007 1.01 12 0.39
"1636" 2008 0.87 12 0.55
"1637" 2009 0.9 12 0.59
"1638" 2010 0.83 12 0.55
"1639" 2011 1.02 12 0.57
"1640" 2012 0.59 12 0.77
"1641" 2013 0.98 12 0.65
"1642" 2014 1.36 12 0.59
"1643" 2015 1.86 12 0.97
"1644" 2016 1.36 12 0.87
